fpr_list: [1.5813721390342386e-05, 8.785400772412435e-06, 1.7570801544824872e-06, 0, 0, 0, 0, 0, 0, 0, 0, 0, 0, 0, 0, 0, 0, 0, 0, 0, 0, 0, 0, 0, 0, 0, 0, 0, 0, 0]
tpr_list: [1.0, 1.0, 1.0, 0.9972826086956522, 0.9945652173913043, 0.9945652173913043, 0.9945652173913043, 0.9891304347826086, 0.9891304347826086, 0.9891304347826086, 0.9891304347826086, 0.9782608695652174, 0.967391304347826, 0.9592391304347826, 0.9483695652173914, 0.9402173913043478, 0.9293478260869565, 0.8994565217391305, 0.8315217391304348, 0.7989130434782609, 0.7445652173913043, 0.6739130434782609, 0.6059782608695652, 0.5434782608695652, 0.41032608695652173, 0.3233695652173913, 0.17119565217391305, 0.04076086956521739, 0.008152173913043478, 0.002717391304347826]
